PartcipantID:1
RandID:1
InitialTimeStamp:10-12-29-085
block;trial;answer;correct;timeSpent;itemsSelected;finalvalue;finalweight;ReverseButtons;instanceNumber;pay;xyCoordinates;
1;1;1;0;1.773977;;0;0;1;6;0;(303.1089,175)(303.1089,-175)(0,350)(-303.1089,-175)(4.286122E-14,-350)(-303.1089,175)
