PartcipantID:1
RandID:1
InitialTimeStamp:18-45-40-139
block;trial;answer;correct;timeSpent;itemsSelected;finalvalue;finalweight;ReverseButtons;instanceNumber;pay;xyCoordinates;
1;1;1;1;1.866802;;0;0;0;24;0.01;(4.286122E-14,-350)(-303.1089,175)(303.1089,175)(-303.1089,-175)(0,350)(303.1089,-175)
