PartcipantID:1
RandID:1
InitialTimeStamp:09-59-40-893
block;trial;answer;correct;timeSpent;itemsSelected;finalvalue;finalweight;ReverseButtons;instanceNumber;pay;xyCoordinates;
1;1;1;1;0.8937969;;0;0;1;24;0.01;(303.1089,175)(303.1089,-175)(-303.1089,175)(0,350)(-303.1089,-175)(4.286122E-14,-350)
